ID;label;L_1_NL_2;pubs;avg_num_authors_pub;infomap_com1;blondel_com1;blondel_com3;num_countries_per_pub;num_coauth_names;pct_sole_auth;pct_internat;year_first_pub;hindex;nation papers 1;totalcites;avgcites
1;LAUREATE_1;1;123;2.991869919;1;8;1;1.29787234;79;0.149;0.255;1955;40;1;5285;42.97
2;LAUREATE_2;1;150;4.966666667;12;0;2;1.097744361;303;0.027;0.083;1967;90;0;34701;231.34
3;LAUREATE_3;1;233;9.064377682;2;1;2;1.856481481;892;0.013;0.549;1972;53;1;16811;72.15
4;LAUREATE_4;1;237;6.092827004;14;25;14;1.37037037;634;0.11;0.278;1974;85;0;46369;195.65
5;LAUREATE_5;1;334;3.062874251;1;8;1;1.102150538;308;0.047;0.121;1964;129;0;51478;154.13
6;LAUREATE_6;1;259;4.077220077;5;2;7;1.435643564;552;0.057;0.365;1956;77;0;12887;49.76
7;LAUREATE_7;1;36;3.111111111;12;0;2;1.115384615;59;0.256;0.097;1983;32;0;6397;177.69
8;LAUREATE_8;1;179;4.726256983;2;3;2;1.244897959;392;0.073;0.171;1965;73;0;20371;113.8
9;LAUREATE_9;1;43;2.302325581;;;;1;21;0.628;0;1953;17;0;1752;40.74
10;LAUREATE_10;1;517;5.640232108;11;4;0;1.40952381;1092;0.121;0.211;1946;68;1;17253;33.37
11;LAUREATE_11;1;120;2.925;11;5;0;1.233333333;119;0.275;0.233;1945;63;1;19223;160.19
12;LAUREATE_12;1;56;2.339285714;11;6;7;1.095238095;58;0.411;0.095;1928;31;0;6505;116.16
13;LAUREATE_13;1;411;4.671532847;6;7;0;1.424242424;544;0.08;0.328;1967;82;0;25539;62.14
14;LAUREATE_14;1;140;3.478571429;1;8;1;1.428571429;202;0.293;0.262;1949;53;0;14587;104.19
15;LAUREATE_15;1;444;3.292792793;12;10;2;1.093023256;270;0.081;0.084;1947;131;0;49718;111.98
16;LAUREATE_16;1;355;4.476056338;12;10;2;1.367149758;347;0.186;0.311;1954;62;0;14967;42.16
17;LAUREATE_17;1;190;4.557894737;3;11;3;1.031746032;233;0.089;0.032;1946;60;0;14976;78.82
18;LAUREATE_18;1;126;6.317460317;17;12;4;1.254385965;413;0.056;0.219;1980;57;0;21456;170.29
19;LAUREATE_19;1;84;3.142857143;1;8;1;1;117;0.214;0;1939;53;0;25290;301.07
20;LAUREATE_20;1;745;6.060402685;12;10;2;1.5015625;1400;0.012;0.384;1954;153;0;77143;103.55
21;LAUREATE_21;1;87;3.977011494;;;;1.197368421;145;0.092;0.158;1982;53;0;23173;266.36
22;LAUREATE_22;1;268;5.52238806;10;13;1;1.547619048;281;0.066;0.366;1951;89;0;29122;108.66
23;LAUREATE_23;1;90;2.677777778;1;8;1;1.041666667;91;0.156;0.042;1963;69;0;22248;247.2
24;LAUREATE_24;1;181;3.160220994;3;11;3;1;149;0.149;0;1938;52;0;9750;53.87
25;LAUREATE_25;1;232;4.469827586;16;14;4;1.230392157;455;0.038;0.15;1973;104;0;42668;183.91
26;LAUREATE_26;1;10;3.6;;;;1.333333333;25;0.6;0.333;1978;7;1;538;53.8
27;LAUREATE_27;1;95;3.368421053;4;9;1;1.0625;117;0.213;0.063;1956;62;0;37079;390.31
28;LAUREATE_28;1;316;5.262658228;;;;1.437007874;528;0.098;0.354;1968;89;0;34028;107.68
29;LAUREATE_29;1;33;2.121212121;23;15;5;1.125;32;0.515;0.125;1949;21;1;10251;310.64
30;LAUREATE_30;1;446;4.706278027;12;0;2;1.19121447;647;0.047;0.15;1960;140;0;59238;132.82
31;LAUREATE_31;1;294;4.520408163;1;8;1;1.128712871;435;0.034;0.114;1946;117;0;44673;151.95
32;LAUREATE_32;1;104;3.125;;;;1.083333333;140;0.212;0.067;1955;45;0;7951;76.45
33;LAUREATE_33;1;121;3.223140496;9;21;9;1.393939394;141;0.207;0.333;1939;52;1;14668;121.22
34;LAUREATE_34;1;34;3.205882353;14;25;14;1.642857143;40;0.485;0.385;1941;25;0;6033;177.44
35;LAUREATE_35;1;89;2.235955056;11;6;7;1.041666667;58;0.364;0;1941;41;0;7704;86.56
36;LAUREATE_36;1;140;3.728571429;;;;1.269662921;250;0.131;0.149;1954;42;1;10865;77.61
37;LAUREATE_37;1;28;1.214285714;;;;1;5;0.786;0;1926;24;0;6146;219.5
38;LAUREATE_38;1;55;6.890909091;17;12;4;1.545454545;229;0.03;0.394;1992;34;0;12679;230.53
39;LAUREATE_39;1;266;3.357142857;23;15;5;1.190789474;263;0.138;0.155;1957;86;1;42539;159.92
40;LAUREATE_40;1;344;6.034883721;2;1;2;1.382239382;765;0.067;0.26;1962;74;1;28469;82.76
41;LAUREATE_41;1;300;4.416666667;1;8;1;1.107806691;340;0.05;0.097;1962;91;0;29473;98.24
42;LAUREATE_42;1;205;5.717073171;1;8;1;1.246376812;317;0.045;0.091;1946;49;0;8560;41.76
43;LAUREATE_43;1;124;3.85483871;1;8;1;1;185;0.041;0;1957;69;0;18455;148.83
44;LAUREATE_44;1;191;3.445026178;15;17;6;1.316129032;246;0.089;0.252;1969;97;1;46559;243.76
45;LAUREATE_45;1;272;3.709558824;5;18;7;1.485714286;462;0.092;0.374;1973;92;1;34805;127.96
46;LAUREATE_46;1;153;6.287581699;1;8;1;1.330275229;267;0.033;0.266;1971;87;1;24676;161.28
47;LAUREATE_47;1;213;3.070422535;1;8;1;1.038461538;215;0.07;0.038;1948;104;0;45550;213.85
48;LAUREATE_48;1;125;2.528;;;;1.045454545;136;0.25;0.08;1957;61;0;14291;114.33
49;LAUREATE_49;1;500;5.926;5;19;7;1.22406639;826;0.086;0.18;1965;134;0;62395;124.79
50;LAUREATE_50;1;108;2.972222222;;;;1.022727273;71;0.213;0.023;1954;58;0;21997;203.68
51;LAUREATE_51;1;245;4.13877551;15;17;6;1.42;291;0.037;0.355;1969;112;1;61777;252.15
52;LAUREATE_52;1;1304;5.465490798;10;13;1;1.388101983;1557;0.009;0.344;1954;113;0;58265;44.68
53;LAUREATE_53;1;119;15.92436975;1;8;1;1.4375;902;0.025;0.148;1964;63;0;40512;340.44
54;LAUREATE_54;1;119;2.260504202;;;;1.181818182;83;0.37;0.121;1928;45;0;6996;58.79
55;LAUREATE_55;1;103;1.660194175;;;;1;39;0.524;0;1940;47;0;9524;92.47
56;LAUREATE_56;1;86;25.45348837;16;14;4;1.807017544;973;0.081;0.368;1964;52;1;29978;348.58
57;LAUREATE_57;1;108;3.222222222;11;5;0;1.052631579;96;0.065;0.053;1941;74;0;26740;247.59
58;LAUREATE_58;1;191;3.188481675;;;;1.101796407;202;0.031;0.096;1973;74;0;23763;124.41
59;LAUREATE_59;1;205;2.292682927;11;8;1;1.08411215;97;0.292;0.019;1953;77;0;18004;87.82
60;LAUREATE_60;1;295;6.010169492;1;7;0;1.355555556;764;0.034;0.297;1966;118;0;49823;168.89
61;LAUREATE_61;1;411;3.445255474;19;16;2;1.130653266;304;0.071;0.126;1948;112;1;69912;170.1
62;LAUREATE_62;1;291;5.384879725;2;3;2;1.126530612;578;0.024;0.066;1969;115;0;41676;143.22
63;LAUREATE_63;1;221;1.864253394;;;;1.166666667;81;0.394;0.167;1922;49;1;9777;44.24
64;LAUREATE_64;1;125;3.712;1;8;1;1.161290323;217;0.016;0.161;1976;61;0;13107;104.86
65;LAUREATE_65;1;94;4.70212766;4;9;1;1.441860465;255;0.051;0.163;1956;58;0;36518;388.49
66;LAUREATE_66;1;253;2.932806324;18;8;1;1.025423729;129;0.133;0.025;1950;71;0;21552;85.19
67;LAUREATE_67;1;482;5.300829876;6;7;0;1.463104326;632;0.107;0.333;1973;114;1;45279;93.94
68;LAUREATE_68;1;98;3.826530612;2;1;2;1.351851852;287;0.25;0.25;1965;51;1;9444;96.37
69;NONLAUREATE_1;2;525;4.577142857;2;1;2;1.174418605;726;0.048;0.157;1954;117;0;54215;103.27
70;NONLAUREATE_2;2;375;4.077333333;;;;1.215053763;580;0.072;0.143;1952;129;0;87117;232.31
71;NONLAUREATE_3;2;659;4.341426404;21;20;8;1.094795539;695;0.017;0.076;1958;65;0;58988;89.51
72;NONLAUREATE_4;2;206;3.587378641;;;;1.141935484;286;0.16;0.116;1966;72;0;24369;118.3
73;NONLAUREATE_5;2;288;3.697916667;18;8;1;1.04040404;342;0.069;0.04;1946;64;0;16002;55.56
74;NONLAUREATE_6;2;213;3.117370892;9;21;9;1.19379845;162;0.305;0.171;1965;89;1;57739;271.08
75;NONLAUREATE_7;2;49;7.102040816;;;;1.177777778;156;0.04;0.156;1983;27;0;4097;83.61
76;NONLAUREATE_8;2;738;4.979674797;;;;1.062365591;714;0.054;0.043;1965;98;0;35695;48.37
77;NONLAUREATE_9;2;361;5.542936288;21;20;8;1.431677019;799;0.024;0.2;1960;105;0;42735;118.38
78;NONLAUREATE_10;2;468;5.858974359;5;2;7;1.125560538;577;0.024;0.09;1953;102;0;34607;73.95
79;NONLAUREATE_11;2;254;2.984251969;7;22;10;1;215;0.059;0;1938;46;0;7703;30.33
80;NONLAUREATE_12;2;311;4.286173633;;;;1.039473684;501;0.109;0.026;1947;31;0;4564;14.68
81;NONLAUREATE_13;2;192;3.213541667;13;24;11;1.21875;103;0.073;0.203;1955;72;1;18681;97.3
82;NONLAUREATE_14;2;163;2.521472393;11;18;7;1.056603774;112;0.224;0.019;1942;57;0;12561;77.06
83;NONLAUREATE_15;2;159;3.13836478;;;;1.020833333;139;0.107;0.021;1921;40;0;7546;47.46
84;NONLAUREATE_16;2;828;5.972222222;14;25;14;1.550387597;1966;0.093;0.404;1973;155;0;94368;113.97
85;NONLAUREATE_17;2;336;3.544642857;8;26;12;1.118181818;279;0.048;0.073;1947;92;0;33578;99.93
86;NONLAUREATE_18;2;362;3.223756906;7;22;10;1;406;0.028;0;1939;61;0;14411;39.81
87;NONLAUREATE_19;2;180;4.494444444;12;10;2;1.075630252;163;0.162;0.067;1960;66;0;33949;188.61
88;NONLAUREATE_20;2;477;6.830188679;5;2;7;1.701923077;1110;0.011;0.521;1966;91;1;28782;60.34
89;NONLAUREATE_21;2;358;4.201117318;;;;1.135483871;319;0.036;0.129;1948;59;1;11739;32.79
90;NONLAUREATE_22;2;212;4.150943396;;;;1.540983607;347;0.019;0.366;1971;79;1;29031;136.94
91;NONLAUREATE_23;2;154;10.65584416;2;1;2;1.379562044;770;0.039;0.139;1975;57;0;22555;146.46
92;NONLAUREATE_24;2;485;4.503092784;22;27;13;1.090909091;556;0.072;0.077;1950;83;0;36453;75.16
93;NONLAUREATE_25;2;162;4.882716049;;;;1.36;194;0.093;0.21;1959;38;1;9972;61.56
94;NONLAUREATE_26;2;832;6.455528846;2;1;2;1.448224852;1503;0.033;0.324;1967;160;0;105537;126.85
95;NONLAUREATE_27;2;151;3.066225166;5;19;7;1.216216216;133;0.166;0.216;1956;58;0;17637;116.8
96;NONLAUREATE_28;2;258;5.724806202;2;1;2;1.271551724;573;0.024;0.166;1975;95;0;31814;123.31
97;NONLAUREATE_29;2;133;3.120300752;7;22;10;1;136;0.098;0;1942;28;0;2418;18.18
98;NONLAUREATE_30;2;212;3.160377358;;;;1;130;0.146;0;1929;31;0;3393;16
99;NONLAUREATE_31;2;552;4.827898551;14;25;14;1.127083333;705;0.06;0.102;1973;97;0;36588;66.28
100;NONLAUREATE_32;2;326;3.960122699;6;7;0;1.463414634;228;0.209;0.28;1944;59;0;13943;42.77
101;NONLAUREATE_33;2;144;5.347222222;5;19;7;1.23364486;492;0.019;0.216;1965;66;0;22517;156.37
102;NONLAUREATE_34;2;26;4.653846154;;;;1.166666667;73;0.038;0.167;1979;17;0;5130;197.31
103;NONLAUREATE_35;2;213;3.563380282;9;21;9;1.260869565;230;0.108;0.236;1973;73;1;34890;163.8
104;NONLAUREATE_36;2;195;4.820512821;1;7;0;1.054945055;284;0.016;0.045;1966;70;0;21848;112.04
105;NONLAUREATE_37;2;124;1.975806452;;;;1;42;0.315;0.013;1923;29;0;2578;20.79
106;NONLAUREATE_38;2;229;3.694323144;18;8;1;1;227;0.031;0;1956;44;0;7203;31.45
107;NONLAUREATE_39;2;425;2.738823529;;;;1.024096386;247;0.174;0.012;1937;56;0;11032;25.96
108;NONLAUREATE_40;2;137;2.583941606;;;;1.25;131;0.212;0.15;1945;51;1;19570;142.85
109;NONLAUREATE_41;2;287;6.076655052;;;;1.236947791;591;0.007;0.169;1978;103;0;42453;147.92
110;NONLAUREATE_42;2;255;3.57254902;;;;1;206;0.02;0;1932;49;0;6182;24.24
111;NONLAUREATE_43;2;194;10.05670103;;;;1.774566474;717;0.036;0.244;1982;53;0;21934;113.06
112;NONLAUREATE_44;2;278;4.003597122;7;23;10;1;241;0.097;0;1951;54;0;10192;36.66
113;NONLAUREATE_45;2;594;9.089225589;2;3;2;1.447787611;1912;0.003;0.304;1967;128;0;61081;102.83
114;NONLAUREATE_46;2;255;3.294117647;;;;1;163;0.082;0;1947;37;0;4694;18.41
115;NONLAUREATE_47;2;702;4.688034188;22;27;13;1.104761905;675;0.052;0.076;1959;76;0;23121;32.94
116;NONLAUREATE_48;2;134;4.611940299;;;;1.123809524;278;0.052;0.114;1965;46;1;14274;106.52
117;NONLAUREATE_49;2;169;7.822485207;14;28;14;1.208053691;554;0.03;0.107;1971;51;0;16474;97.48
118;NONLAUREATE_50;2;339;5.943952802;14;25;14;1.2;707;0.006;0.177;1975;111;0;44414;131.01
119;NONLAUREATE_51;2;912;5.951754386;19;16;2;1.504694836;1329;0;0.393;1960;123;1;57236;62.76
120;NONLAUREATE_52;2;49;2.693877551;;;;1.357142857;41;0.163;0.393;1959;22;1;4119;84.06
121;NONLAUREATE_53;2;134;8.485074627;14;28;14;1.648648649;473;0.06;0.405;1962;43;0;12377;92.37
122;NONLAUREATE_54;2;299;5.026755853;12;10;2;1.133333333;631;0.013;0.105;1951;107;0;63508;212.4
123;NONLAUREATE_55;2;41;3.268292683;20;29;1;1.285714286;34;0.051;0.333;1994;22;1;4185;102.07
124;NONLAUREATE_56;2;82;2.024390244;;;;1;34;0.268;0;1942;51;0;18466;225.2
125;NONLAUREATE_57;2;300;6.073333333;19;16;2;1.844290657;625;0.01;0.554;1978;53;1;12067;40.22
126;NONLAUREATE_58;2;644;5.309006211;11;4;0;1.434782609;933;0.034;0.257;1954;128;0;68572;106.48
127;NONLAUREATE_59;2;154;2.922077922;;;;1.024390244;44;0.032;0.024;1947;43;0;11801;76.63
128;NONLAUREATE_60;2;372;4.048387097;;;;1.264214047;346;0.027;0.237;1965;68;1;19412;52.18
129;NONLAUREATE_61;2;207;3.951690821;7;23;10;1.0875;305;0.024;0.086;1959;45;0;6962;33.63
130;NONLAUREATE_62;2;305;5.049180328;2;3;2;1.170731707;666;0.026;0.159;1971;120;0;50313;164.96
131;NONLAUREATE_63;2;235;6.493617021;5;18;7;1.57635468;606;0.021;0.453;1969;90;1;39330;167.36
132;NONLAUREATE_64;2;168;4.029761905;13;24;11;1.193277311;203;0.077;0.185;1952;68;1;20423;121.57
133;NONLAUREATE_65;2;336;2.761904762;8;26;12;1.038834951;155;0.089;0.039;1955;67;0;15501;46.13
134;NONLAUREATE_66;2;332;4.61746988;2;3;2;1.150684932;629;0.12;0.13;1960;143;0;93729;282.32
135;NONLAUREATE_67;2;232;4.202586207;20;29;1;1.293478261;323;0.177;0.266;1956;86;0;39456;170.07
136;NONLAUREATE_68;2;313;2.645367412;;;;1.015384615;148;0.089;0.015;1927;48;0;10228;32.68